00000001_7_170_170.jpg	170,210,290,98,391,564
00000001_9_170_170.jpg	170,70,290,98,391,564
00000001_8_70_70.jpg	70,110,290,98,391,564
00000001_8_10_10.jpg	10,110,235,111,391,564
00000001_7_250_250.jpg	250,230,235,111,391,564
00000001_4_250_250.jpg	250,250,235,111,391,564
00000001_2_250_250.jpg	250,150,260,54,391,564
00000001_4_130_130.jpg	130,290,260,54,391,564
00000001_5_210_210.jpg	210,70,260,54,391,564
00000013_7_70_70.jpg	70,90,290,98,376,564
00000013_12_230_230.jpg	230,190,290,117,376,564
00000013_3_270_270.jpg	270,250,290,98,376,564
00000013_3_310_310.jpg	310,250,235,111,376,564
00000013_6_290_290.jpg	290,230,235,111,376,564
00000013_11_210_210.jpg	210,110,235,111,376,564
00000013_4_90_90.jpg	90,50,260,54,376,564
00000013_5_250_250.jpg	250,250,260,54,376,564
00000013_4_250_250.jpg	250,10,260,54,376,564
00000054_8_130_130.jpg	130,70,290,98,376,564
00000054_8_110_110.jpg	110,10,290,98,376,564
00000054_5_70_70.jpg	70,170,290,98,376,564
00000054_7_290_290.jpg	290,50,235,111,376,564
00000054_7_270_270.jpg	270,230,235,111,376,564
00000054_5_290_290.jpg	290,170,235,111,376,564
00000054_6_150_150.jpg	150,230,260,54,376,564
00000054_12_90_90.jpg	90,210,260,64,376,564
00000054_3_190_190.jpg	190,310,260,54,376,564
00000055_11_170_170.jpg	170,230,290,98,423,564
00000055_2_30_30.jpg	30,170,290,98,423,564
00000055_3_10_10.jpg	10,290,235,111,423,564
00000055_3_170_170.jpg	170,90,235,111,423,564
00000055_9_310_310.jpg	310,50,235,111,423,564
00000055_3_150_150.jpg	150,70,260,54,423,564
00000055_4_70_70.jpg	70,90,260,54,423,564
00000055_6_290_290.jpg	290,290,260,54,423,564
00000058_7_230_230.jpg	230,270,290,98,809,564
00000058_8_250_250.jpg	250,270,290,98,809,564
00000058_10_30_30.jpg	30,370,290,98,809,564
00000058_7_210_210.jpg	210,530,235,111,809,564
00000058_9_290_290.jpg	290,50,235,111,809,564
00000058_12_270_270.jpg	270,170,235,133,809,564
00000058_11_290_290.jpg	290,10,260,54,809,564
00000058_8_150_150.jpg	150,310,260,54,809,564
00000058_5_170_170.jpg	170,330,260,54,809,564
00000059_9_230_230.jpg	230,70,290,98,376,564
00000059_4_210_210.jpg	210,30,290,98,376,564
00000059_6_230_230.jpg	230,150,290,98,376,564
00000059_4_150_150.jpg	150,10,235,111,376,564
00000059_12_150_150.jpg	150,50,235,133,376,564
00000059_12_270_270.jpg	270,150,260,64,376,564
00000059_3_30_30.jpg	30,310,260,54,376,564
00000059_2_230_230.jpg	230,70,260,54,376,564
00000061_4_150_150.jpg	150,10,290,98,374,564
00000061_3_250_250.jpg	250,270,290,98,374,564
00000061_8_90_90.jpg	90,210,290,98,374,564
00000061_6_30_30.jpg	30,150,235,111,374,564
00000061_9_150_150.jpg	150,250,235,111,374,564
00000061_9_190_190.jpg	190,30,235,111,374,564
00000061_9_290_290.jpg	290,210,260,54,374,564
00000061_12_290_290.jpg	290,50,260,64,374,564
00000061_6_270_270.jpg	270,30,260,54,374,564
00000062_11_70_70.jpg	70,210,290,98,377,564
00000062_10_250_250.jpg	250,270,290,98,377,564
00000062_12_170_170.jpg	170,110,290,117,377,564
00000062_8_310_310.jpg	310,230,235,111,377,564
00000062_5_270_270.jpg	270,210,235,111,377,564
00000062_10_190_190.jpg	190,210,235,111,377,564
00000062_8_50_50.jpg	50,10,260,54,377,564
00000062_4_230_230.jpg	230,170,260,54,377,564
00000062_9_230_230.jpg	230,10,260,54,377,564
00000063_6_90_90.jpg	90,110,290,98,374,564
00000063_11_90_90.jpg	90,70,290,98,374,564
00000063_11_250_250.jpg	250,50,290,98,374,564
00000063_8_210_210.jpg	210,250,235,111,374,564
00000063_9_70_70.jpg	70,190,235,111,374,564
00000063_10_210_210.jpg	210,150,235,111,374,564
00000063_5_30_30.jpg	30,110,260,54,374,564
00000063_10_290_290.jpg	290,190,260,54,374,564
00000063_3_50_50.jpg	50,290,260,54,374,564
00000064_2_130_130.jpg	130,70,290,98,409,564
00000064_10_270_270.jpg	270,290,290,98,409,564
00000064_9_170_170.jpg	170,10,290,98,409,564
00000064_12_210_210.jpg	210,230,235,133,409,564
00000064_11_210_210.jpg	210,90,235,111,409,564
00000064_2_10_10.jpg	10,10,235,111,409,564
00000064_11_110_110.jpg	110,50,260,54,409,564
00000064_4_270_270.jpg	270,150,260,54,409,564
00000064_6_10_10.jpg	10,90,260,54,409,564
00000065_10_30_30.jpg	30,170,290,98,423,564
00000065_6_270_270.jpg	270,190,290,98,423,564
00000065_11_150_150.jpg	150,210,290,98,423,564
00000065_7_110_110.jpg	110,10,235,111,423,564
00000065_9_310_310.jpg	310,90,235,111,423,564
00000065_9_290_290.jpg	290,70,235,111,423,564
00000065_9_270_270.jpg	270,10,260,54,423,564
00000065_7_150_150.jpg	150,50,260,54,423,564
00000065_2_90_90.jpg	90,190,260,54,423,564
00000067_12_130_130.jpg	130,530,290,117,776,564
00000067_2_110_110.jpg	110,550,290,98,776,564
00000067_9_130_130.jpg	130,590,290,98,776,564
00000067_6_110_110.jpg	110,250,235,111,776,564
00000067_7_210_210.jpg	210,50,235,111,776,564
00000067_2_250_250.jpg	250,270,235,111,776,564
00000067_9_210_210.jpg	210,650,260,54,776,564
00000067_10_50_50.jpg	50,210,260,54,776,564
00000067_11_290_290.jpg	290,670,260,54,776,564
00000068_2_150_150.jpg	150,10,290,98,376,564
00000068_7_70_70.jpg	70,30,290,98,376,564
00000068_7_270_270.jpg	270,90,290,98,376,564
00000068_4_290_290.jpg	290,250,235,111,376,564
00000068_5_290_290.jpg	290,70,235,111,376,564
00000068_7_230_230.jpg	230,30,235,111,376,564
00000068_3_90_90.jpg	90,210,260,54,376,564
00000068_9_10_10.jpg	10,70,260,54,376,564
00000068_3_270_270.jpg	270,70,260,54,376,564
00000072_9_150_150.jpg	150,130,290,98,447,564
00000072_3_90_90.jpg	90,130,290,98,447,564
00000072_12_210_210.jpg	210,230,290,117,447,564
00000072_11_30_30.jpg	30,290,235,111,447,564
00000072_7_170_170.jpg	170,70,235,111,447,564
00000072_10_10_10.jpg	10,30,235,111,447,564
00000072_4_230_230.jpg	230,10,260,54,447,564
00000072_6_110_110.jpg	110,150,260,54,447,564
00000072_8_270_270.jpg	270,270,260,54,447,564
00000077_10_130_130.jpg	130,210,290,98,405,564
00000077_5_30_30.jpg	30,190,290,98,405,564
00000077_12_170_170.jpg	170,30,290,117,405,564
00000077_7_110_110.jpg	110,190,235,111,405,564
00000077_5_170_170.jpg	170,270,235,111,405,564
00000077_11_110_110.jpg	110,230,235,111,405,564
00000077_3_110_110.jpg	110,150,260,54,405,564
00000077_12_270_270.jpg	270,110,260,64,405,564
00000077_3_70_70.jpg	70,150,260,54,405,564
00000085_12_110_110.jpg	110,210,290,117,374,564
00000085_2_50_50.jpg	50,250,290,98,374,564
00000085_4_210_210.jpg	210,230,290,98,374,564
00000085_8_230_230.jpg	230,10,235,111,374,564
00000085_11_110_110.jpg	110,70,235,111,374,564
00000085_5_50_50.jpg	50,50,235,111,374,564
00000085_2_290_290.jpg	290,310,260,54,374,564
00000085_11_210_210.jpg	210,290,260,54,374,564
00000085_3_70_70.jpg	70,70,260,54,374,564
00000090_2_130_130.jpg	130,90,290,98,376,564
00000090_7_170_170.jpg	170,230,290,98,376,564
00000090_7_10_10.jpg	10,90,290,98,376,564
00000090_2_290_290.jpg	290,110,235,111,376,564
00000090_8_310_310.jpg	310,90,235,111,376,564
00000090_11_110_110.jpg	110,90,235,111,376,564
00000090_7_150_150.jpg	150,270,260,54,376,564
00000090_5_290_290.jpg	290,290,260,54,376,564
00000090_11_50_50.jpg	50,130,260,54,376,564
00000092_4_110_110.jpg	110,150,290,98,377,564
00000092_9_90_90.jpg	90,50,290,98,377,564
00000092_4_210_210.jpg	210,110,290,98,377,564
00000092_6_110_110.jpg	110,70,235,111,377,564
00000092_7_270_270.jpg	270,30,235,111,377,564
00000092_8_290_290.jpg	290,190,235,111,377,564
00000092_9_30_30.jpg	30,290,260,54,377,564
00000092_8_150_150.jpg	150,150,260,54,377,564
00000092_6_250_250.jpg	250,50,260,54,377,564
00000095_7_250_250.jpg	250,710,290,98,847,564
00000095_3_150_150.jpg	150,490,260,54,847,564
00000095_2_110_110.jpg	110,50,290,98,847,564
00000095_7_210_210.jpg	210,250,235,111,847,564
00000095_9_70_70.jpg	70,210,235,111,847,564
00000095_4_150_150.jpg	150,430,235,111,847,564
00000095_3_110_110.jpg	110,550,260,54,847,564
00000095_7_190_190.jpg	190,330,260,54,847,564
00000096_6_210_210.jpg	210,30,235,111,376,564
00000096_9_70_70.jpg	70,10,290,98,376,564
00000096_3_70_70.jpg	70,250,290,98,376,564
00000096_9_110_110.jpg	110,190,235,111,376,564
00000096_3_30_30.jpg	30,90,235,111,376,564
00000096_8_230_230.jpg	230,130,260,54,376,564
00000096_3_50_50.jpg	50,30,260,54,376,564
00000096_10_230_230.jpg	230,50,260,54,376,564
