      0/34        0G    0.1295   0.03491         0    0.1644        33       640         0         0 0.0004711 7.023e-05   0.06436   0.03263         0
      1/34        0G    0.1052    0.0359         0    0.1411        29       640         0         0 0.0007752 9.487e-05    0.0522   0.03356         0
      2/34        0G   0.09898   0.03462         0    0.1336        34       640         0         0  0.001413 0.0001855   0.04875   0.03254         0
      3/34        0G   0.09624   0.03142         0    0.1277        27       640         0         0  0.003866 0.0005121   0.04724    0.0314         0
      4/34        0G   0.08695   0.03554         0    0.1225        35       640         0         0  0.004907 0.0007585   0.04551   0.03156         0
      5/34        0G   0.08415   0.03372         0    0.1179        32       640         0         0  0.006253  0.000857   0.04466   0.03186         0
      6/34        0G   0.07946   0.03471         0    0.1142        31       640         0         0  0.007443  0.001303    0.0445   0.03158         0
      7/34        0G   0.08162   0.03585         0    0.1175        26       640         0         0  0.009356  0.001324   0.04437   0.03124         0
      8/34        0G   0.07549   0.03627         0    0.1118        25       640         0         0   0.01162  0.001724   0.04266     0.031         0
      9/34        0G   0.07899   0.03573         0    0.1147        35       640         0         0    0.0174  0.002367   0.04097   0.03211         0
     10/34        0G   0.07667   0.03924         0    0.1159        30       640         0         0   0.01515  0.002188   0.04164    0.0318         0
     11/34        0G   0.07785   0.03616         0     0.114        27       640         0         0   0.02144  0.004011   0.04093    0.0315         0
     12/34        0G   0.07307   0.03619         0    0.1093        31       640         0         0   0.05952  0.008418   0.04036   0.03153         0
     13/34        0G   0.06714   0.03734         0    0.1045        25       640         0         0   0.05262    0.0113   0.04007   0.03136         0
     14/34        0G   0.07157   0.03929         0    0.1109        29       640         0         0   0.07828   0.01573   0.03969   0.03117         0
     15/34        0G   0.06987   0.03837         0    0.1082        30       640         1   0.02632   0.08623   0.01965   0.03906   0.03072         0
     16/34        0G   0.06783   0.03932         0    0.1072        21       640    0.2387   0.02632    0.1442   0.02456   0.03849   0.03022         0
     17/34        0G   0.06235   0.03765         0       0.1        22       640    0.3106    0.2632    0.2286   0.04779   0.03675   0.02956         0
     18/34        0G   0.06704   0.03693         0     0.104        26       640    0.2276    0.4737    0.2741   0.05859   0.03585   0.02955         0
     19/34        0G   0.06198   0.03433         0   0.09631        34       640    0.1923    0.5526    0.3373   0.07266    0.0352   0.02942         0
     20/34        0G   0.05946   0.03512         0   0.09458        29       640    0.1668    0.6579    0.3793   0.09103   0.03521   0.02902         0
     21/34        0G   0.05977    0.0335         0   0.09327        29       640    0.1516    0.7632    0.4188    0.1206   0.03418   0.02876         0
     22/34        0G   0.05871   0.03338         0   0.09209        28       640    0.1339    0.7632    0.4536    0.1281   0.03298   0.02815         0
     23/34        0G   0.05653   0.03051         0   0.08704        28       640    0.1363    0.7895    0.4889    0.1295   0.03319   0.02748         0
     24/34        0G    0.0595   0.03084         0   0.09034        27       640    0.1218    0.7632    0.5361    0.1571   0.03169   0.02714         0
     25/34        0G   0.05679   0.02925         0   0.08604        26       640    0.1304    0.7632    0.5839    0.1647   0.03206   0.02666         0
     26/34        0G   0.05399    0.0285         0    0.0825        23       640    0.1397    0.7632    0.5893    0.1966   0.03174   0.02611         0
     27/34        0G   0.05344   0.03133         0   0.08477        36       640    0.1403    0.7632     0.584    0.1931   0.02977   0.02585         0
     28/34        0G   0.05213   0.02953         0   0.08166        28       640    0.1687    0.7895    0.6272    0.1941   0.03074   0.02544         0
     29/34        0G   0.05439   0.03214         0   0.08653        34       640    0.1618    0.8158    0.6399    0.2235   0.02754   0.02541         0
     30/34        0G    0.0522   0.02975         0   0.08195        29       640    0.1648    0.8158    0.6696     0.259   0.02596   0.02521         0
     31/34        0G   0.05001   0.02893         0   0.07893        27       640    0.1742    0.8158    0.6971    0.2771   0.02653   0.02482         0
     32/34        0G   0.04829   0.02587         0   0.07416        21       640    0.1831    0.8158    0.7425    0.2832   0.02751   0.02418         0
     33/34        0G   0.05076   0.02628         0   0.07705        30       640    0.1833    0.8158    0.7423    0.3077   0.02429   0.02379         0
     34/34        0G   0.04982   0.02907         0   0.07889        18       640    0.2157    0.8158    0.7434    0.3038   0.02556   0.02344         0
